(kicad_pcb (version 20171130) (host pcbnew "(5.1.12)-1")

  (general
    (thickness 1.6)
    (drawings 34)
    (tracks 136)
    (zones 0)
    (modules 258)
    (nets 278)
  )

  (page A4)
  (layers
    (0 F.Cu signal)
    (1 GND.Cu signal)
    (2 In2.Cu signal)
    (3 In3.Cu signal)
    (4 BGND.Cu signal)
    (31 B.Cu signal)
    (32 B.Adhes user)
    (33 F.Adhes user)
    (34 B.Paste user)
    (35 F.Paste user hide)
    (36 B.SilkS user)
    (37 F.SilkS user)
    (38 B.Mask user)
    (39 F.Mask user)
    (40 Dwgs.User user)
    (41 Cmts.User user)
    (42 Eco1.User user)
    (43 Eco2.User user)
    (44 Edge.Cuts user)
    (45 Margin user)
    (46 B.CrtYd user)
    (47 F.CrtYd user)
    (48 B.Fab user)
    (49 F.Fab user)
  )

  (setup
    (last_trace_width 0.127)
    (user_trace_width 0.127)
    (user_trace_width 0.25)
    (user_trace_width 0.3)
    (user_trace_width 0.5)
    (trace_clearance 0.127)
    (zone_clearance 0.508)
    (zone_45_only no)
    (trace_min 0.127)
    (via_size 0.4)
    (via_drill 0.3)
    (via_min_size 0.4)
    (via_min_drill 0.3)
    (user_via 0.4 0.3)
    (user_via 0.5 0.3)
    (uvia_size 0.4)
    (uvia_drill 0.2)
    (uvias_allowed no)
    (uvia_min_size 0.2)
    (uvia_min_drill 0.2)
    (edge_width 0.05)
    (segment_width 0.2)
    (pcb_text_width 0.3)
    (pcb_text_size 1.5 1.5)
    (mod_edge_width 0.12)
    (mod_text_size 1 1)
    (mod_text_width 0.12)
    (pad_size 1.524 1.524)
    (pad_drill 0.762)
    (pad_to_mask_clearance 0)
    (aux_axis_origin 0 0)
    (visible_elements 7FFFF7FF)
    (pcbplotparams
      (layerselection 0x010fc_ffffffff)
      (usegerberextensions false)
      (usegerberattributes true)
      (usegerberadvancedattributes true)
      (creategerberjobfile true)
      (excludeedgelayer true)
      (linewidth 0.100000)
      (plotframeref false)
      (viasonmask false)
      (mode 1)
      (useauxorigin false)
      (hpglpennumber 1)
      (hpglpenspeed 20)
      (hpglpendiameter 15.000000)
      (psnegative false)
      (psa4output false)
      (plotreference true)
      (plotvalue true)
      (plotinvisibletext false)
      (padsonsilk false)
      (subtractmaskfromsilk false)
      (outputformat 1)
      (mirror false)
      (drillshape 1)
      (scaleselection 1)
      (outputdirectory ""))
  )

  (net 0 "")
  (net 1 GNDREF)
  (net 2 +3V3)
  (net 3 +1V0)
  (net 4 VCCIN)
  (net 5 "Net-(C13-Pad2)")
  (net 6 +1V35)
  (net 7 "Net-(C26-Pad2)")
  (net 8 +1V8)
  (net 9 "Net-(C38-Pad2)")
  (net 10 "Net-(C41-Pad1)")
  (net 11 "Net-(C44-Pad2)")
  (net 12 "Net-(C45-Pad1)")
  (net 13 "Net-(C53-Pad2)")
  (net 14 "Net-(C54-Pad2)")
  (net 15 /Power/VCCADC)
  (net 16 "Net-(C112-Pad1)")
  (net 17 "Net-(D1-Pad1)")
  (net 18 "Net-(D2-Pad1)")
  (net 19 /Jtag/FPGA_DONE)
  (net 20 "Net-(L1-Pad2)")
  (net 21 "Net-(L2-Pad2)")
  (net 22 "Net-(L3-Pad2)")
  (net 23 "Net-(L4-Pad2)")
  (net 24 GNDA)
  (net 25 "Net-(R13-Pad2)")
  (net 26 "Net-(R15-Pad2)")
  (net 27 "Net-(R16-Pad2)")
  (net 28 "Net-(R17-Pad2)")
  (net 29 QSPI_CS)
  (net 30 QSPI_DQ2)
  (net 31 QSPI_DQ3)
  (net 32 "Net-(R23-Pad2)")
  (net 33 VTTREF)
  (net 34 QSPI_CLK)
  (net 35 DDRVTT)
  (net 36 SYS_CLK)
  (net 37 "Net-(R25-Pad1)")
  (net 38 "Net-(C120-Pad1)")
  (net 39 "Net-(C166-Pad2)")
  (net 40 "Net-(D3-Pad1)")
  (net 41 "Net-(Q1-Pad1)")
  (net 42 "Net-(Q1-Pad3)")
  (net 43 "Net-(R53-Pad1)")
  (net 44 "Net-(R54-Pad1)")
  (net 45 DDR_CLK0_P)
  (net 46 DDR_CLK0_N)
  (net 47 DDR_RESET)
  (net 48 LED1)
  (net 49 DDR_D2)
  (net 50 DDR_D6)
  (net 51 DDR_D5)
  (net 52 DDR_D1)
  (net 53 DDR_D12)
  (net 54 DDR_D4)
  (net 55 DDR_D0)
  (net 56 DDR_DM0)
  (net 57 DDR_D7)
  (net 58 DDR_D3)
  (net 59 DDR_D9)
  (net 60 DDR_DM1)
  (net 61 DDR_D10)
  (net 62 DDR_D8)
  (net 63 DDR_D15)
  (net 64 DDR_D14)
  (net 65 DDR_DQS2_N)
  (net 66 DDR_DQS2_P)
  (net 67 DDR_A7)
  (net 68 DDR_D11)
  (net 69 DDR_D13)
  (net 70 DDR_DQS3_P)
  (net 71 DDR_CKE0)
  (net 72 DDR_A13)
  (net 73 DDR_A6)
  (net 74 DDR_A10)
  (net 75 DDR_A12)
  (net 76 DDR_BA1)
  (net 77 DDR_BA2)
  (net 78 DDR_A11)
  (net 79 DDR_CAS)
  (net 80 DDR_A8)
  (net 81 DDR_A14)
  (net 82 DDR_RAS)
  (net 83 DDR_A9)
  (net 84 DDR_A5)
  (net 85 DDR_ODT)
  (net 86 DDR_WE)
  (net 87 DDR_BA0)
  (net 88 DDR_A0)
  (net 89 DDR_A2)
  (net 90 DDR_A4)
  (net 91 DDR_A1)
  (net 92 DDR_S0)
  (net 93 DDR_A3)
  (net 94 RESET_N)
  (net 95 MGTAVCC)
  (net 96 MGTAVTT)
  (net 97 QSPI_DQ1)
  (net 98 QSPI_DQ0)
  (net 99 B13_IO0)
  (net 100 B13_L1P)
  (net 101 B13_L1N)
  (net 102 B13_L2P)
  (net 103 B13_L2N)
  (net 104 B13_L3P)
  (net 105 B13_L3N)
  (net 106 B13_L4P)
  (net 107 B13_L4N)
  (net 108 B13_L5P)
  (net 109 B13_L5N)
  (net 110 B13_L6P)
  (net 111 B13_L6N)
  (net 112 B13_L7P)
  (net 113 B13_L7N)
  (net 114 B13_L8P)
  (net 115 B13_L8N)
  (net 116 B13_L9P)
  (net 117 B13_L9N)
  (net 118 B13_L10P)
  (net 119 B13_L10N)
  (net 120 B13_L11P)
  (net 121 B13_L11N)
  (net 122 B13_L12P)
  (net 123 B13_L12N)
  (net 124 B13_L13P)
  (net 125 B13_L13N)
  (net 126 B13_L14P)
  (net 127 B13_L14N)
  (net 128 B13_L15P)
  (net 129 B13_L15N)
  (net 130 B13_L16P)
  (net 131 B13_L16N)
  (net 132 B13_L17P)
  (net 133 B13_L17N)
  (net 134 B14_L4P)
  (net 135 B14_L4N)
  (net 136 B14_L5P)
  (net 137 B14_L5N)
  (net 138 B14_L6P)
  (net 139 B14_L6N)
  (net 140 B14_L7P)
  (net 141 B14_L7N)
  (net 142 B14_L8P)
  (net 143 B14_L8N)
  (net 144 B14_L9P)
  (net 145 B14_L9N)
  (net 146 B14_L10P)
  (net 147 B14_L10N)
  (net 148 B14_L11P)
  (net 149 B14_L11N)
  (net 150 B14_L12P)
  (net 151 B14_L12N)
  (net 152 B14_L13P)
  (net 153 B14_L13N)
  (net 154 B14_L14P)
  (net 155 B14_L14N)
  (net 156 B14_L15P)
  (net 157 B14_L15N)
  (net 158 B14_L16P)
  (net 159 B14_L16N)
  (net 160 B14_L17P)
  (net 161 B14_L17N)
  (net 162 B14_L18P)
  (net 163 B14_L18N)
  (net 164 B14_L19P)
  (net 165 B14_L19N)
  (net 166 B14_L20P)
  (net 167 B14_L20N)
  (net 168 B14_L21P)
  (net 169 B14_L21N)
  (net 170 B14_L22P)
  (net 171 B14_L22N)
  (net 172 B14_L23P)
  (net 173 B14_L23N)
  (net 174 B14_L24P)
  (net 175 B14_L24N)
  (net 176 B14_IO25)
  (net 177 B15_IO0)
  (net 178 B15_L1P)
  (net 179 B15_L1N)
  (net 180 B15_L2P)
  (net 181 B15_L2N)
  (net 182 B15_L3P)
  (net 183 B15_L3N)
  (net 184 B15_L4P)
  (net 185 B15_L4N)
  (net 186 B15_L5P)
  (net 187 B15_L5N)
  (net 188 B15_L6P)
  (net 189 B15_L6N)
  (net 190 B15_L7P)
  (net 191 B15_L7N)
  (net 192 B15_L8P)
  (net 193 B15_L8N)
  (net 194 B15_L9P)
  (net 195 B15_L9N)
  (net 196 B15_L10P)
  (net 197 B15_L10N)
  (net 198 B15_L11P)
  (net 199 B15_L11N)
  (net 200 B15_L12P)
  (net 201 B15_L12N)
  (net 202 B15_L13P)
  (net 203 B15_L13N)
  (net 204 B15_L14P)
  (net 205 B15_L14N)
  (net 206 B15_L15P)
  (net 207 B15_L15N)
  (net 208 B15_L16P)
  (net 209 B15_L16N)
  (net 210 B15_L17P)
  (net 211 B15_L17N)
  (net 212 B15_L18P)
  (net 213 B15_L18N)
  (net 214 B15_L19P)
  (net 215 B15_L19N)
  (net 216 B15_L20P)
  (net 217 B15_L20N)
  (net 218 B15_L21P)
  (net 219 B15_L21N)
  (net 220 B15_L22P)
  (net 221 B15_L22N)
  (net 222 B15_L23P)
  (net 223 B15_L23N)
  (net 224 B15_L24P)
  (net 225 B15_L24N)
  (net 226 B15_IO25)
  (net 227 B16_IO0)
  (net 228 B16_L1P)
  (net 229 B16_L1N)
  (net 230 B16_L2P)
  (net 231 B16_L2N)
  (net 232 B16_L3P)
  (net 233 B16_L3N)
  (net 234 B16_L4P)
  (net 235 B16_L4N)
  (net 236 B16_L5P)
  (net 237 B16_L5N)
  (net 238 B16_L6P)
  (net 239 B16_L6N)
  (net 240 B16_L7P)
  (net 241 B16_L7N)
  (net 242 B16_L8P)
  (net 243 B16_L8N)
  (net 244 B16_L9P)
  (net 245 B16_L9N)
  (net 246 B16_L10P)
  (net 247 B16_L10N)
  (net 248 B16_L11P)
  (net 249 B16_L11N)
  (net 250 B16_L12P)
  (net 251 B16_L12N)
  (net 252 B16_L13P)
  (net 253 B16_L13N)
  (net 254 B16_L14P)
  (net 255 B16_L14N)
  (net 256 B16_L15P)
  (net 257 B16_L15N)
  (net 258 B16_L16P)
  (net 259 B16_L16N)
  (net 260 B16_L17P)
  (net 261 B16_L17N)
  (net 262 B16_L18P)
  (net 263 B16_L18N)
  (net 264 B16_L19P)
  (net 265 B16_L19N)
  (net 266 B16_L20P)
  (net 267 B16_L20N)
  (net 268 B16_L21P)
  (net 269 B16_L21N)
  (net 270 B16_L22P)
  (net 271 B16_L22N)
  (net 272 B16_L23P)
  (net 273 B16_L23N)
  (net 274 B16_L24P)
  (net 275 B16_L24N)
  (net 276 B16_IO25)
  (net 277 "Net-(R24-Pad2)")

  (net_class Default "This is the default net class."
    (clearance 0.127)
    (trace_width 0.127)
    (via_dia 0.4)
    (via_drill 0.3)
    (uvia_dia 0.4)
    (uvia_drill 0.2)
    (diff_pair_width 0.127)
    (diff_pair_gap 0.127)
    (add_net +1V0)
    (add_net +1V35)
    (add_net +1V8)
    (add_net +3V3)
    (add_net /Jtag/FPGA_DONE)
    (add_net /Power/VCCADC)
    (add_net B13_IO0)
    (add_net B13_L10N)
    (add_net B13_L10P)
    (add_net B13_L11N)
    (add_net B13_L11P)
    (add_net B13_L12N)
    (add_net B13_L12P)
    (add_net B13_L13N)
    (add_net B13_L13P)
    (add_net B13_L14N)
    (add_net B13_L14P)
    (add_net B13_L15N)
    (add_net B13_L15P)
    (add_net B13_L16N)
    (add_net B13_L16P)
    (add_net B13_L17N)
    (add_net B13_L17P)
    (add_net B13_L1N)
    (add_net B13_L1P)
    (add_net B13_L2N)
    (add_net B13_L2P)
    (add_net B13_L3N)
    (add_net B13_L3P)
    (add_net B13_L4N)
    (add_net B13_L4P)
    (add_net B13_L5N)
    (add_net B13_L5P)
    (add_net B13_L6N)
    (add_net B13_L6P)
    (add_net B13_L7N)
    (add_net B13_L7P)
    (add_net B13_L8N)
    (add_net B13_L8P)
    (add_net B13_L9N)
    (add_net B13_L9P)
    (add_net B14_IO25)
    (add_net B14_L10N)
    (add_net B14_L10P)
    (add_net B14_L11N)
    (add_net B14_L11P)
    (add_net B14_L12N)
    (add_net B14_L12P)
    (add_net B14_L13N)
    (add_net B14_L13P)
    (add_net B14_L14N)
    (add_net B14_L14P)
    (add_net B14_L15N)
    (add_net B14_L15P)
    (add_net B14_L16N)
    (add_net B14_L16P)
    (add_net B14_L17N)
    (add_net B14_L17P)
    (add_net B14_L18N)
    (add_net B14_L18P)
    (add_net B14_L19N)
    (add_net B14_L19P)
    (add_net B14_L20N)
    (add_net B14_L20P)
    (add_net B14_L21N)
    (add_net B14_L21P)
    (add_net B14_L22N)
    (add_net B14_L22P)
    (add_net B14_L23N)
    (add_net B14_L23P)
    (add_net B14_L24N)
    (add_net B14_L24P)
    (add_net B14_L4N)
    (add_net B14_L4P)
    (add_net B14_L5N)
    (add_net B14_L5P)
    (add_net B14_L6N)
    (add_net B14_L6P)
    (add_net B14_L7N)
    (add_net B14_L7P)
    (add_net B14_L8N)
    (add_net B14_L8P)
    (add_net B14_L9N)
    (add_net B14_L9P)
    (add_net B15_IO0)
    (add_net B15_IO25)
    (add_net B15_L10N)
    (add_net B15_L10P)
    (add_net B15_L11N)
    (add_net B15_L11P)
    (add_net B15_L12N)
    (add_net B15_L12P)
    (add_net B15_L13N)
    (add_net B15_L13P)
    (add_net B15_L14N)
    (add_net B15_L14P)
    (add_net B15_L15N)
    (add_net B15_L15P)
    (add_net B15_L16N)
    (add_net B15_L16P)
    (add_net B15_L17N)
    (add_net B15_L17P)
    (add_net B15_L18N)
    (add_net B15_L18P)
    (add_net B15_L19N)
    (add_net B15_L19P)
    (add_net B15_L1N)
    (add_net B15_L1P)
    (add_net B15_L20N)
    (add_net B15_L20P)
    (add_net B15_L21N)
    (add_net B15_L21P)
    (add_net B15_L22N)
    (add_net B15_L22P)
    (add_net B15_L23N)
    (add_net B15_L23P)
    (add_net B15_L24N)
    (add_net B15_L24P)
    (add_net B15_L2N)
    (add_net B15_L2P)
    (add_net B15_L3N)
    (add_net B15_L3P)
    (add_net B15_L4N)
    (add_net B15_L4P)
    (add_net B15_L5N)
    (add_net B15_L5P)
    (add_net B15_L6N)
    (add_net B15_L6P)
    (add_net B15_L7N)
    (add_net B15_L7P)
    (add_net B15_L8N)
    (add_net B15_L8P)
    (add_net B15_L9N)
    (add_net B15_L9P)
    (add_net B16_IO0)
    (add_net B16_IO25)
    (add_net B16_L10N)
    (add_net B16_L10P)
    (add_net B16_L11N)
    (add_net B16_L11P)
    (add_net B16_L12N)
    (add_net B16_L12P)
    (add_net B16_L13N)
    (add_net B16_L13P)
    (add_net B16_L14N)
    (add_net B16_L14P)
    (add_net B16_L15N)
    (add_net B16_L15P)
    (add_net B16_L16N)
    (add_net B16_L16P)
    (add_net B16_L17N)
    (add_net B16_L17P)
    (add_net B16_L18N)
    (add_net B16_L18P)
    (add_net B16_L19N)
    (add_net B16_L19P)
    (add_net B16_L1N)
    (add_net B16_L1P)
    (add_net B16_L20N)
    (add_net B16_L20P)
    (add_net B16_L21N)
    (add_net B16_L21P)
    (add_net B16_L22N)
    (add_net B16_L22P)
    (add_net B16_L23N)
    (add_net B16_L23P)
    (add_net B16_L24N)
    (add_net B16_L24P)
    (add_net B16_L2N)
    (add_net B16_L2P)
    (add_net B16_L3N)
    (add_net B16_L3P)
    (add_net B16_L4N)
    (add_net B16_L4P)
    (add_net B16_L5N)
    (add_net B16_L5P)
    (add_net B16_L6N)
    (add_net B16_L6P)
    (add_net B16_L7N)
    (add_net B16_L7P)
    (add_net B16_L8N)
    (add_net B16_L8P)
    (add_net B16_L9N)
    (add_net B16_L9P)
    (add_net DDRVTT)
    (add_net DDR_A0)
    (add_net DDR_A1)
    (add_net DDR_A10)
    (add_net DDR_A11)
    (add_net DDR_A12)
    (add_net DDR_A13)
    (add_net DDR_A14)
    (add_net DDR_A2)
    (add_net DDR_A3)
    (add_net DDR_A4)
    (add_net DDR_A5)
    (add_net DDR_A6)
    (add_net DDR_A7)
    (add_net DDR_A8)
    (add_net DDR_A9)
    (add_net DDR_BA0)
    (add_net DDR_BA1)
    (add_net DDR_BA2)
    (add_net DDR_CAS)
    (add_net DDR_CKE0)
    (add_net DDR_CLK0_N)
    (add_net DDR_CLK0_P)
    (add_net DDR_D0)
    (add_net DDR_D1)
    (add_net DDR_D10)
    (add_net DDR_D11)
    (add_net DDR_D12)
    (add_net DDR_D13)
    (add_net DDR_D14)
    (add_net DDR_D15)
    (add_net DDR_D2)
    (add_net DDR_D3)
    (add_net DDR_D4)
    (add_net DDR_D5)
    (add_net DDR_D6)
    (add_net DDR_D7)
    (add_net DDR_D8)
    (add_net DDR_D9)
    (add_net DDR_DM0)
    (add_net DDR_DM1)
    (add_net DDR_DQS2_N)
    (add_net DDR_DQS2_P)
    (add_net DDR_DQS3_P)
    (add_net DDR_ODT)
    (add_net DDR_RAS)
    (add_net DDR_RESET)
    (add_net DDR_S0)
    (add_net DDR_WE)
    (add_net GNDA)
    (add_net GNDREF)
    (add_net LED1)
    (add_net MGTAVCC)
    (add_net MGTAVTT)
    (add_net "Net-(C112-Pad1)")
    (add_net "Net-(C120-Pad1)")
    (add_net "Net-(C13-Pad2)")
    (add_net "Net-(C166-Pad2)")
    (add_net "Net-(C26-Pad2)")
    (add_net "Net-(C38-Pad2)")
    (add_net "Net-(C41-Pad1)")
    (add_net "Net-(C44-Pad2)")
    (add_net "Net-(C45-Pad1)")
    (add_net "Net-(C53-Pad2)")
    (add_net "Net-(C54-Pad2)")
    (add_net "Net-(D1-Pad1)")
    (add_net "Net-(D2-Pad1)")
    (add_net "Net-(D3-Pad1)")
    (add_net "Net-(L1-Pad2)")
    (add_net "Net-(L2-Pad2)")
    (add_net "Net-(L3-Pad2)")
    (add_net "Net-(L4-Pad2)")
    (add_net "Net-(Q1-Pad1)")
    (add_net "Net-(Q1-Pad3)")
    (add_net "Net-(R13-Pad2)")
    (add_net "Net-(R15-Pad2)")
    (add_net "Net-(R16-Pad2)")
    (add_net "Net-(R17-Pad2)")
    (add_net "Net-(R23-Pad2)")
    (add_net "Net-(R24-Pad2)")
    (add_net "Net-(R25-Pad1)")
    (add_net "Net-(R53-Pad1)")
    (add_net "Net-(R54-Pad1)")
    (add_net QSPI_CLK)
    (add_net QSPI_CS)
    (add_net QSPI_DQ0)
    (add_net QSPI_DQ1)
    (add_net QSPI_DQ2)
    (add_net QSPI_DQ3)
    (add_net RESET_N)
    (add_net SYS_CLK)
    (add_net VCCIN)
    (add_net VTTREF)
  )

  (module Capacitor_SMD:C_0603_1608Metric (layer F.Cu) (tedit 5F68FEEE) (tstamp 657444F7)
    (at 191.3 79.8)
    (descr "Capacitor SMD 0603 (1608 Metric), square (rectangular) end terminal, IPC_7351 nominal, (Body size source: IPC-SM-782 page 76, https://www.pcb-3d.com/wordpress/wp-content/uploads/ipc-sm-782a_amendment_1_and_2.pdf), generated with kicad-footprint-generator")
    (tags capacitor)
    (path /6573C9F8/6579A2CB)
    (attr smd)
    (fp_text reference C11 (at 0 -1.43) (layer F.SilkS)
      (effects (font (size 1 1) (thickness 0.15)))
    )
    (fp_text value 10u (at 0 1.43) (layer F.Fab)
      (effects (font (size 1 1) (thickness 0.15)))
    )
    (fp_line (start 1.48 0.73) (end -1.48 0.73) (layer F.CrtYd) (width 0.05))
    (fp_line (start 1.48 -0.73) (end 1.48 0.73) (layer F.CrtYd) (width 0.05))
    (fp_line (start -1.48 -0.73) (end 1.48 -0.73) (layer F.CrtYd) (width 0.05))
    (fp_line (start -1.48 0.73) (end -1.48 -0.73) (layer F.CrtYd) (width 0.05))
    (fp_line (start -0.14058 0.51) (end 0.14058 0.51) (layer F.SilkS) (width 0.12))
    (fp_line (start -0.14058 -0.51) (end 0.14058 -0.51) (layer F.SilkS) (width 0.12))
    (fp_line (start 0.8 0.4) (end -0.8 0.4) (layer F.Fab) (width 0.1))
    (fp_line (start 0.8 -0.4) (end 0.8 0.4) (layer F.Fab) (width 0.1))
    (fp_line (start -0.8 -0.4) (end 0.8 -0.4) (layer F.Fab) (width 0.1))
    (fp_line (start -0.8 0.4) (end -0.8 -0.4) (layer F.Fab) (width 0.1))
    (fp_text user %R (at 0 0) (layer F.Fab)
      (effects (font (size 0.4 0.4) (thickness 0.06)))
    )
    (pad 1 smd roundrect (at -0.775 0) (size 0.9 0.95) (layers F.Cu F.Paste F.Mask) (roundrect_rratio 0.25)
      (net 4 VCCIN))
    (pad 2 smd roundrect (at 0.775 0) (size 0.9 0.95) (layers F.Cu F.Paste F.Mask) (roundrect_rratio 0.25)
      (net 1 GNDREF))
    (model ${KISYS3DMOD}/Capacitor_SMD.3dshapes/C_0603_1608Metric.wrl
      (at (xyz 0 0 0))
      (scale (xyz 1 1 1))
      (rotate (xyz 0 0 0))
    )
  )

  (module Capacitor_SMD:C_0603_1608Metric (layer F.Cu) (tedit 5F68FEEE) (tstamp 6574452A)
    (at 195.2 79.7)
    (descr "Capacitor SMD 0603 (1608 Metric), square (rectangular) end terminal, IPC_7351 nominal, (Body size source: IPC-SM-782 page 76, https://www.pcb-3d.com/wordpress/wp-content/uploads/ipc-sm-782a_amendment_1_and_2.pdf), generated with kicad-footprint-generator")
    (tags capacitor)
    (path /6573C9F8/6579AA72)
    (attr smd)
    (fp_text reference C14 (at 0 -1.43) (layer F.SilkS)
      (effects (font (size 1 1) (thickness 0.15)))
    )
    (fp_text value .1u (at 0 1.43) (layer F.Fab)
      (effects (font (size 1 1) (thickness 0.15)))
    )
    (fp_line (start -0.8 0.4) (end -0.8 -0.4) (layer F.Fab) (width 0.1))
    (fp_line (start -0.8 -0.4) (end 0.8 -0.4) (layer F.Fab) (width 0.1))
    (fp_line (start 0.8 -0.4) (end 0.8 0.4) (layer F.Fab) (width 0.1))
    (fp_line (start 0.8 0.4) (end -0.8 0.4) (layer F.Fab) (width 0.1))
    (fp_line (start -0.14058 -0.51) (end 0.14058 -0.51) (layer F.SilkS) (width 0.12))
    (fp_line (start -0.14058 0.51) (end 0.14058 0.51) (layer F.SilkS) (width 0.12))
    (fp_line (start -1.48 0.73) (end -1.48 -0.73) (layer F.CrtYd) (width 0.05))
    (fp_line (start -1.48 -0.73) (end 1.48 -0.73) (layer F.CrtYd) (width 0.05))
    (fp_line (start 1.48 -0.73) (end 1.48 0.73) (layer F.CrtYd) (width 0.05))
    (fp_line (start 1.48 0.73) (end -1.48 0.73) (layer F.CrtYd) (width 0.05))
    (fp_text user %R (at 0 0) (layer F.Fab)
      (effects (font (size 0.4 0.4) (thickness 0.06)))
    )
    (pad 2 smd roundrect (at 0.775 0) (size 0.9 0.95) (layers F.Cu F.Paste F.Mask) (roundrect_rratio 0.25)
      (net 1 GNDREF))
    (pad 1 smd roundrect (at -0.775 0) (size 0.9 0.95) (layers F.Cu F.Paste F.Mask) (roundrect_rratio 0.25)
      (net 4 VCCIN))
    (model ${KISYS3DMOD}/Capacitor_SMD.3dshapes/C_0603_1608Metric.wrl
      (at (xyz 0 0 0))
      (scale (xyz 1 1 1))
      (rotate (xyz 0 0 0))
    )
  )

  (module Capacitor_SMD:C_0603_1608Metric (layer F.Cu) (tedit 5F68FEEE) (tstamp 657445B2)
    (at 195.1 84.2)
    (descr "Capacitor SMD 0603 (1608 Metric), square (rectangular) end terminal, IPC_7351 nominal, (Body size source: IPC-SM-782 page 76, https://www.pcb-3d.com/wordpress/wp-content/uploads/ipc-sm-782a_amendment_1_and_2.pdf), generated with kicad-footprint-generator")
    (tags capacitor)
    (path /6573C9F8/657A0CC8)
    (attr smd)
    (fp_text reference C22 (at 0 -1.43) (layer F.SilkS)
      (effects (font (size 1 1) (thickness 0.15)))
    )
    (fp_text value 10u (at 0 1.43) (layer F.Fab)
      (effects (font (size 1 1) (thickness 0.15)))
    )
    (fp_line (start 1.48 0.73) (end -1.48 0.73) (layer F.CrtYd) (width 0.05))
    (fp_line (start 1.48 -0.73) (end 1.48 0.73) (layer F.CrtYd) (width 0.05))
    (fp_line (start -1.48 -0.73) (end 1.48 -0.73) (layer F.CrtYd) (width 0.05))
    (fp_line (start -1.48 0.73) (end -1.48 -0.73) (layer F.CrtYd) (width 0.05))
    (fp_line (start -0.14058 0.51) (end 0.14058 0.51) (layer F.SilkS) (width 0.12))
    (fp_line (start -0.14058 -0.51) (end 0.14058 -0.51) (layer F.SilkS) (width 0.12))
    (fp_line (start 0.8 0.4) (end -0.8 0.4) (layer F.Fab) (width 0.1))
    (fp_line (start 0.8 -0.4) (end 0.8 0.4) (layer F.Fab) (width 0.1))
    (fp_line (start -0.8 -0.4) (end 0.8 -0.4) (layer F.Fab) (width 0.1))
    (fp_line (start -0.8 0.4) (end -0.8 -0.4) (layer F.Fab) (width 0.1))
    (fp_text user %R (at 0 0) (layer F.Fab)
      (effects (font (size 0.4 0.4) (thickness 0.06)))
    )
    (pad 1 smd roundrect (at -0.775 0) (size 0.9 0.95) (layers F.Cu F.Paste F.Mask) (roundrect_rratio 0.25)
      (net 4 VCCIN))
    (pad 2 smd roundrect (at 0.775 0) (size 0.9 0.95) (layers F.Cu F.Paste F.Mask) (roundrect_rratio 0.25)
      (net 1 GNDREF))
    (model ${KISYS3DMOD}/Capacitor_SMD.3dshapes/C_0603_1608Metric.wrl
      (at (xyz 0 0 0))
      (scale (xyz 1 1 1))
      (rotate (xyz 0 0 0))
    )
  )

  (module Capacitor_SMD:C_0603_1608Metric (layer F.Cu) (tedit 5F68FEEE) (tstamp 657445C3)
    (at 191.2 84.2)
    (descr "Capacitor SMD 0603 (1608 Metric), square (rectangular) end terminal, IPC_7351 nominal, (Body size source: IPC-SM-782 page 76, https://www.pcb-3d.com/wordpress/wp-content/uploads/ipc-sm-782a_amendment_1_and_2.pdf), generated with kicad-footprint-generator")
    (tags capacitor)
    (path /6573C9F8/657A0D54)
    (attr smd)
    (fp_text reference C23 (at 0 -1.43) (layer F.SilkS)
      (effects (font (size 1 1) (thickness 0.15)))
    )
    (fp_text value .1u (at 0 1.43) (layer F.Fab)
      (effects (font (size 1 1) (thickness 0.15)))
    )
    (fp_line (start 1.48 0.73) (end -1.48 0.73) (layer F.CrtYd) (width 0.05))
    (fp_line (start 1.48 -0.73) (end 1.48 0.73) (layer F.CrtYd) (width 0.05))
    (fp_line (start -1.48 -0.73) (end 1.48 -0.73) (layer F.CrtYd) (width 0.05))
    (fp_line (start -1.48 0.73) (end -1.48 -0.73) (layer F.CrtYd) (width 0.05))
    (fp_line (start -0.14058 0.51) (end 0.14058 0.51) (layer F.SilkS) (width 0.12))
    (fp_line (start -0.14058 -0.51) (end 0.14058 -0.51) (layer F.SilkS) (width 0.12))
    (fp_line (start 0.8 0.4) (end -0.8 0.4) (layer F.Fab) (width 0.1))
    (fp_line (start 0.8 -0.4) (end 0.8 0.4) (layer F.Fab) (width 0.1))
    (fp_line (start -0.8 -0.4) (end 0.8 -0.4) (layer F.Fab) (width 0.1))
    (fp_line (start -0.8 0.4) (end -0.8 -0.4) (layer F.Fab) (width 0.1))
    (fp_text user %R (at 0 0) (layer F.Fab)
      (effects (font (size 0.4 0.4) (thickness 0.06)))
    )
    (pad 1 smd roundrect (at -0.775 0) (size 0.9 0.95) (layers F.Cu F.Paste F.Mask) (roundrect_rratio 0.25)
      (net 4 VCCIN))
    (pad 2 smd roundrect (at 0.775 0) (size 0.9 0.95) (layers F.Cu F.Paste F.Mask) (roundrect_rratio 0.25)
      (net 1 GNDREF))
    (model ${KISYS3DMOD}/Capacitor_SMD.3dshapes/C_0603_1608Metric.wrl
      (at (xyz 0 0 0))
      (scale (xyz 1 1 1))
      (rotate (xyz 0 0 0))
    )
  )

  (module Capacitor_SMD:C_0603_1608Metric (layer F.Cu) (tedit 5F68FEEE) (tstamp 65744607)
    (at 191.2 90.2)
    (descr "Capacitor SMD 0603 (1608 Metric), square (rectangular) end terminal, IPC_7351 nominal, (Body size source: IPC-SM-782 page 76, https://www.pcb-3d.com/wordpress/wp-content/uploads/ipc-sm-782a_amendment_1_and_2.pdf), generated with kicad-footprint-generator")
    (tags capacitor)
    (path /6573C9F8/657A2FA5)
    (attr smd)
    (fp_text reference C27 (at 0 -1.43) (layer F.SilkS)
      (effects (font (size 1 1) (thickness 0.15)))
    )
    (fp_text value 10u (at 0 1.43) (layer F.Fab)
      (effects (font (size 1 1) (thickness 0.15)))
    )
    (fp_line (start -0.8 0.4) (end -0.8 -0.4) (layer F.Fab) (width 0.1))
    (fp_line (start -0.8 -0.4) (end 0.8 -0.4) (layer F.Fab) (width 0.1))
    (fp_line (start 0.8 -0.4) (end 0.8 0.4) (layer F.Fab) (width 0.1))
    (fp_line (start 0.8 0.4) (end -0.8 0.4) (layer F.Fab) (width 0.1))
    (fp_line (start -0.14058 -0.51) (end 0.14058 -0.51) (layer F.SilkS) (width 0.12))
    (fp_line (start -0.14058 0.51) (end 0.14058 0.51) (layer F.SilkS) (width 0.12))
    (fp_line (start -1.48 0.73) (end -1.48 -0.73) (layer F.CrtYd) (width 0.05))
    (fp_line (start -1.48 -0.73) (end 1.48 -0.73) (layer F.CrtYd) (width 0.05))
    (fp_line (start 1.48 -0.73) (end 1.48 0.73) (layer F.CrtYd) (width 0.05))
    (fp_line (start 1.48 0.73) (end -1.48 0.73) (layer F.CrtYd) (width 0.05))
    (fp_text user %R (at 0 0) (layer F.Fab)
      (effects (font (size 0.4 0.4) (thickness 0.06)))
    )
    (pad 2 smd roundrect (at 0.775 0) (size 0.9 0.95) (layers F.Cu F.Paste F.Mask) (roundrect_rratio 0.25)
      (net 1 GNDREF))
    (pad 1 smd roundrect (at -0.775 0) (size 0.9 0.95) (layers F.Cu F.Paste F.Mask) (roundrect_rratio 0.25)
      (net 4 VCCIN))
    (model ${KISYS3DMOD}/Capacitor_SMD.3dshapes/C_0603_1608Metric.wrl
      (at (xyz 0 0 0))
      (scale (xyz 1 1 1))
      (rotate (xyz 0 0 0))
    )
  )

  (module Capacitor_SMD:C_0603_1608Metric (layer F.Cu) (tedit 5F68FEEE) (tstamp 65744618)
    (at 195.1 90.1)
    (descr "Capacitor SMD 0603 (1608 Metric), square (rectangular) end terminal, IPC_7351 nominal, (Body size source: IPC-SM-782 page 76, https://www.pcb-3d.com/wordpress/wp-content/uploads/ipc-sm-782a_amendment_1_and_2.pdf), generated with kicad-footprint-generator")
    (tags capacitor)
    (path /6573C9F8/657A3067)
    (attr smd)
    (fp_text reference C28 (at 0 -1.43) (layer F.SilkS)
      (effects (font (size 1 1) (thickness 0.15)))
    )
    (fp_text value .1u (at 0 1.43) (layer F.Fab)
      (effects (font (size 1 1) (thickness 0.15)))
    )
    (fp_line (start 1.48 0.73) (end -1.48 0.73) (layer F.CrtYd) (width 0.05))
    (fp_line (start 1.48 -0.73) (end 1.48 0.73) (layer F.CrtYd) (width 0.05))
    (fp_line (start -1.48 -0.73) (end 1.48 -0.73) (layer F.CrtYd) (width 0.05))
    (fp_line (start -1.48 0.73) (end -1.48 -0.73) (layer F.CrtYd) (width 0.05))
    (fp_line (start -0.14058 0.51) (end 0.14058 0.51) (layer F.SilkS) (width 0.12))
    (fp_line (start -0.14058 -0.51) (end 0.14058 -0.51) (layer F.SilkS) (width 0.12))
    (fp_line (start 0.8 0.4) (end -0.8 0.4) (layer F.Fab) (width 0.1))
    (fp_line (start 0.8 -0.4) (end 0.8 0.4) (layer F.Fab) (width 0.1))
    (fp_line (start -0.8 -0.4) (end 0.8 -0.4) (layer F.Fab) (width 0.1))
    (fp_line (start -0.8 0.4) (end -0.8 -0.4) (layer F.Fab) (width 0.1))
    (fp_text user %R (at 0 0) (layer F.Fab)
      (effects (font (size 0.4 0.4) (thickness 0.06)))
    )
    (pad 1 smd roundrect (at -0.775 0) (size 0.9 0.95) (layers F.Cu F.Paste F.Mask) (roundrect_rratio 0.25)
      (net 4 VCCIN))
    (pad 2 smd roundrect (at 0.775 0) (size 0.9 0.95) (layers F.Cu F.Paste F.Mask) (roundrect_rratio 0.25)
      (net 1 GNDREF))
    (model ${KISYS3DMOD}/Capacitor_SMD.3dshapes/C_0603_1608Metric.wrl
      (at (xyz 0 0 0))
      (scale (xyz 1 1 1))
      (rotate (xyz 0 0 0))
    )
  )

  (module Capacitor_SMD:C_0603_1608Metric (layer F.Cu) (tedit 5F68FEEE) (tstamp 657446D3)
    (at 191.1 97)
    (descr "Capacitor SMD 0603 (1608 Metric), square (rectangular) end terminal, IPC_7351 nominal, (Body size source: IPC-SM-782 page 76, https://www.pcb-3d.com/wordpress/wp-content/uploads/ipc-sm-782a_amendment_1_and_2.pdf), generated with kicad-footprint-generator")
    (tags capacitor)
    (path /6573C9F8/657A5E88)
    (attr smd)
    (fp_text reference C39 (at 0 -1.43) (layer F.SilkS)
      (effects (font (size 1 1) (thickness 0.15)))
    )
    (fp_text value 10u (at 0 1.43) (layer F.Fab)
      (effects (font (size 1 1) (thickness 0.15)))
    )
    (fp_line (start -0.8 0.4) (end -0.8 -0.4) (layer F.Fab) (width 0.1))
    (fp_line (start -0.8 -0.4) (end 0.8 -0.4) (layer F.Fab) (width 0.1))
    (fp_line (start 0.8 -0.4) (end 0.8 0.4) (layer F.Fab) (width 0.1))
    (fp_line (start 0.8 0.4) (end -0.8 0.4) (layer F.Fab) (width 0.1))
    (fp_line (start -0.14058 -0.51) (end 0.14058 -0.51) (layer F.SilkS) (width 0.12))
    (fp_line (start -0.14058 0.51) (end 0.14058 0.51) (layer F.SilkS) (width 0.12))
    (fp_line (start -1.48 0.73) (end -1.48 -0.73) (layer F.CrtYd) (width 0.05))
    (fp_line (start -1.48 -0.73) (end 1.48 -0.73) (layer F.CrtYd) (width 0.05))
    (fp_line (start 1.48 -0.73) (end 1.48 0.73) (layer F.CrtYd) (width 0.05))
    (fp_line (start 1.48 0.73) (end -1.48 0.73) (layer F.CrtYd) (width 0.05))
    (fp_text user %R (at 0 0) (layer F.Fab)
      (effects (font (size 0.4 0.4) (thickness 0.06)))
    )
    (pad 2 smd roundrect (at 0.775 0) (size 0.9 0.95) (layers F.Cu F.Paste F.Mask) (roundrect_rratio 0.25)
      (net 1 GNDREF))
    (pad 1 smd roundrect (at -0.775 0) (size 0.9 0.95) (layers F.Cu F.Paste F.Mask) (roundrect_rratio 0.25)
      (net 4 VCCIN))
    (model ${KISYS3DMOD}/Capacitor_SMD.3dshapes/C_0603_1608Metric.wrl
      (at (xyz 0 0 0))
      (scale (xyz 1 1 1))
      (rotate (xyz 0 0 0))
    )
  )

  (module Capacitor_SMD:C_0603_1608Metric (layer F.Cu) (tedit 5F68FEEE) (tstamp 657446E4)
    (at 195.1 97.1)
    (descr "Capacitor SMD 0603 (1608 Metric), square (rectangular) end terminal, IPC_7351 nominal, (Body size source: IPC-SM-782 page 76, https://www.pcb-3d.com/wordpress/wp-content/uploads/ipc-sm-782a_amendment_1_and_2.pdf), generated with kicad-footprint-generator")
    (tags capacitor)
    (path /6573C9F8/657A5F80)
    (attr smd)
    (fp_text reference C40 (at 0 -1.43) (layer F.SilkS)
      (effects (font (size 1 1) (thickness 0.15)))
    )
    (fp_text value .1u (at 0 1.43) (layer F.Fab)
      (effects (font (size 1 1) (thickness 0.15)))
    )
    (fp_line (start 1.48 0.73) (end -1.48 0.73) (layer F.CrtYd) (width 0.05))
    (fp_line (start 1.48 -0.73) (end 1.48 0.73) (layer F.CrtYd) (width 0.05))
    (fp_line (start -1.48 -0.73) (end 1.48 -0.73) (layer F.CrtYd) (width 0.05))
    (fp_line (start -1.48 0.73) (end -1.48 -0.73) (layer F.CrtYd) (width 0.05))
    (fp_line (start -0.14058 0.51) (end 0.14058 0.51) (layer F.SilkS) (width 0.12))
    (fp_line (start -0.14058 -0.51) (end 0.14058 -0.51) (layer F.SilkS) (width 0.12))
    (fp_line (start 0.8 0.4) (end -0.8 0.4) (layer F.Fab) (width 0.1))
    (fp_line (start 0.8 -0.4) (end 0.8 0.4) (layer F.Fab) (width 0.1))
    (fp_line (start -0.8 -0.4) (end 0.8 -0.4) (layer F.Fab) (width 0.1))
    (fp_line (start -0.8 0.4) (end -0.8 -0.4) (layer F.Fab) (width 0.1))
    (fp_text user %R (at 0 0) (layer F.Fab)
      (effects (font (size 0.4 0.4) (thickness 0.06)))
    )
    (pad 1 smd roundrect (at -0.775 0) (size 0.9 0.95) (layers F.Cu F.Paste F.Mask) (roundrect_rratio 0.25)
      (net 4 VCCIN))
    (pad 2 smd roundrect (at 0.775 0) (size 0.9 0.95) (layers F.Cu F.Paste F.Mask) (roundrect_rratio 0.25)
      (net 1 GNDREF))
    (model ${KISYS3DMOD}/Capacitor_SMD.3dshapes/C_0603_1608Metric.wrl
      (at (xyz 0 0 0))
      (scale (xyz 1 1 1))
      (rotate (xyz 0 0 0))
    )
  )

  (module Capacitor_SMD:C_0603_1608Metric (layer B.Cu) (tedit 5F68FEEE) (tstamp 657448AF)
    (at 136.2 102)
    (descr "Capacitor SMD 0603 (1608 Metric), square (rectangular) end terminal, IPC_7351 nominal, (Body size source: IPC-SM-782 page 76, https://www.pcb-3d.com/wordpress/wp-content/uploads/ipc-sm-782a_amendment_1_and_2.pdf), generated with kicad-footprint-generator")
    (tags capacitor)
    (path /6573C9F8/65A31AC4)
    (attr smd)
    (fp_text reference C67 (at 0 1.43) (layer B.SilkS) hide
      (effects (font (size 1 1) (thickness 0.15)) (justify mirror))
    )
    (fp_text value 22u (at 0 -1.43) (layer B.Fab)
      (effects (font (size 1 1) (thickness 0.15)) (justify mirror))
    )
    (fp_line (start 1.48 -0.73) (end -1.48 -0.73) (layer B.CrtYd) (width 0.05))
    (fp_line (start 1.48 0.73) (end 1.48 -0.73) (layer B.CrtYd) (width 0.05))
    (fp_line (start -1.48 0.73) (end 1.48 0.73) (layer B.CrtYd) (width 0.05))
    (fp_line (start -1.48 -0.73) (end -1.48 0.73) (layer B.CrtYd) (width 0.05))
    (fp_line (start -0.14058 -0.51) (end 0.14058 -0.51) (layer B.SilkS) (width 0.12))
    (fp_line (start -0.14058 0.51) (end 0.14058 0.51) (layer B.SilkS) (width 0.12))
    (fp_line (start 0.8 -0.4) (end -0.8 -0.4) (layer B.Fab) (width 0.1))
    (fp_line (start 0.8 0.4) (end 0.8 -0.4) (layer B.Fab) (width 0.1))
    (fp_line (start -0.8 0.4) (end 0.8 0.4) (layer B.Fab) (width 0.1))
    (fp_line (start -0.8 -0.4) (end -0.8 0.4) (layer B.Fab) (width 0.1))
    (fp_text user %R (at 0 0) (layer B.Fab)
      (effects (font (size 0.4 0.4) (thickness 0.06)) (justify mirror))
    )
    (pad 1 smd roundrect (at -0.775 0) (size 0.9 0.95) (layers B.Cu B.Paste B.Mask) (roundrect_rratio 0.25)
      (net 1 GNDREF))
    (pad 2 smd roundrect (at 0.775 0) (size 0.9 0.95) (layers B.Cu B.Paste B.Mask) (roundrect_rratio 0.25)
      (net 95 MGTAVCC))
    (model ${KISYS3DMOD}/Capacitor_SMD.3dshapes/C_0603_1608Metric.wrl
      (at (xyz 0 0 0))
      (scale (xyz 1 1 1))
      (rotate (xyz 0 0 0))
    )
  )

  (module Capacitor_SMD:C_0603_1608Metric (layer F.Cu) (tedit 5F68FEEE) (tstamp 657448C0)
    (at 132.5 102.1)
    (descr "Capacitor SMD 0603 (1608 Metric), square (rectangular) end terminal, IPC_7351 nominal, (Body size source: IPC-SM-782 page 76, https://www.pcb-3d.com/wordpress/wp-content/uploads/ipc-sm-782a_amendment_1_and_2.pdf), generated with kicad-footprint-generator")
    (tags capacitor)
    (path /6573C9F8/65984303)
    (attr smd)
    (fp_text reference C68 (at 0 -1.43) (layer F.SilkS)
      (effects (font (size 1 1) (thickness 0.15)))
    )
    (fp_text value 22u (at 0 1.43) (layer F.Fab)
      (effects (font (size 1 1) (thickness 0.15)))
    )
    (fp_line (start 1.48 0.73) (end -1.48 0.73) (layer F.CrtYd) (width 0.05))
    (fp_line (start 1.48 -0.73) (end 1.48 0.73) (layer F.CrtYd) (width 0.05))
    (fp_line (start -1.48 -0.73) (end 1.48 -0.73) (layer F.CrtYd) (width 0.05))
    (fp_line (start -1.48 0.73) (end -1.48 -0.73) (layer F.CrtYd) (width 0.05))
    (fp_line (start -0.14058 0.51) (end 0.14058 0.51) (layer F.SilkS) (width 0.12))
    (fp_line (start -0.14058 -0.51) (end 0.14058 -0.51) (layer F.SilkS) (width 0.12))
    (fp_line (start 0.8 0.4) (end -0.8 0.4) (layer F.Fab) (width 0.1))
    (fp_line (start 0.8 -0.4) (end 0.8 0.4) (layer F.Fab) (width 0.1))
    (fp_line (start -0.8 -0.4) (end 0.8 -0.4) (layer F.Fab) (width 0.1))
    (fp_line (start -0.8 0.4) (end -0.8 -0.4) (layer F.Fab) (width 0.1))
    (fp_text user %R (at 0 0) (layer F.Fab)
      (effects (font (size 0.4 0.4) (thickness 0.06)))
    )
    (pad 1 smd roundrect (at -0.775 0) (size 0.9 0.95) (layers F.Cu F.Paste F.Mask) (roundrect_rratio 0.25)
      (net 4 VCCIN))
    (pad 2 smd roundrect (at 0.775 0) (size 0.9 0.95) (layers F.Cu F.Paste F.Mask) (roundrect_rratio 0.25)
      (net 1 GNDREF))
    (model ${KISYS3DMOD}/Capacitor_SMD.3dshapes/C_0603_1608Metric.wrl
      (at (xyz 0 0 0))
      (scale (xyz 1 1 1))
      (rotate (xyz 0 0 0))
    )
  )

  (module Capacitor_SMD:C_0603_1608Metric (layer F.Cu) (tedit 5F68FEEE) (tstamp 6574496A)
    (at 129.225 102.1)
    (descr "Capacitor SMD 0603 (1608 Metric), square (rectangular) end terminal, IPC_7351 nominal, (Body size source: IPC-SM-782 page 76, https://www.pcb-3d.com/wordpress/wp-content/uploads/ipc-sm-782a_amendment_1_and_2.pdf), generated with kicad-footprint-generator")
    (tags capacitor)
    (path /6573C9F8/65982F1E)
    (attr smd)
    (fp_text reference C78 (at 0 -1.43) (layer F.SilkS)
      (effects (font (size 1 1) (thickness 0.15)))
    )
    (fp_text value 22u (at 0 1.43) (layer F.Fab)
      (effects (font (size 1 1) (thickness 0.15)))
    )
    (fp_line (start -0.8 0.4) (end -0.8 -0.4) (layer F.Fab) (width 0.1))
    (fp_line (start -0.8 -0.4) (end 0.8 -0.4) (layer F.Fab) (width 0.1))
    (fp_line (start 0.8 -0.4) (end 0.8 0.4) (layer F.Fab) (width 0.1))
    (fp_line (start 0.8 0.4) (end -0.8 0.4) (layer F.Fab) (width 0.1))
    (fp_line (start -0.14058 -0.51) (end 0.14058 -0.51) (layer F.SilkS) (width 0.12))
    (fp_line (start -0.14058 0.51) (end 0.14058 0.51) (layer F.SilkS) (width 0.12))
    (fp_line (start -1.48 0.73) (end -1.48 -0.73) (layer F.CrtYd) (width 0.05))
    (fp_line (start -1.48 -0.73) (end 1.48 -0.73) (layer F.CrtYd) (width 0.05))
    (fp_line (start 1.48 -0.73) (end 1.48 0.73) (layer F.CrtYd) (width 0.05))
    (fp_line (start 1.48 0.73) (end -1.48 0.73) (layer F.CrtYd) (width 0.05))
    (fp_text user %R (at 0 0) (layer F.Fab)
      (effects (font (size 0.4 0.4) (thickness 0.06)))
    )
    (pad 2 smd roundrect (at 0.775 0) (size 0.9 0.95) (layers F.Cu F.Paste F.Mask) (roundrect_rratio 0.25)
      (net 1 GNDREF))
    (pad 1 smd roundrect (at -0.775 0) (size 0.9 0.95) (layers F.Cu F.Paste F.Mask) (roundrect_rratio 0.25)
      (net 4 VCCIN))
    (model ${KISYS3DMOD}/Capacitor_SMD.3dshapes/C_0603_1608Metric.wrl
      (at (xyz 0 0 0))
      (scale (xyz 1 1 1))
      (rotate (xyz 0 0 0))
    )
  )

  (module LED_SMD:LED_0603_1608Metric (layer F.Cu) (tedit 5F68FEF1) (tstamp 65744BBF)
    (at 117.2 86.7 90)
    (descr "LED SMD 0603 (1608 Metric), square (rectangular) end terminal, IPC_7351 nominal, (Body size source: http://www.tortai-tech.com/upload/download/2011102023233369053.pdf), generated with kicad-footprint-generator")
    (tags LED)
    (path /6573C9F8/676547D8)
    (attr smd)
    (fp_text reference D1 (at 0 -1.43 90) (layer F.SilkS)
      (effects (font (size 1 1) (thickness 0.15)))
    )
    (fp_text value LED (at 0 1.43 90) (layer F.Fab)
      (effects (font (size 1 1) (thickness 0.15)))
    )
    (fp_line (start 0.8 -0.4) (end -0.5 -0.4) (layer F.Fab) (width 0.1))
    (fp_line (start -0.5 -0.4) (end -0.8 -0.1) (layer F.Fab) (width 0.1))
    (fp_line (start -0.8 -0.1) (end -0.8 0.4) (layer F.Fab) (width 0.1))
    (fp_line (start -0.8 0.4) (end 0.8 0.4) (layer F.Fab) (width 0.1))
    (fp_line (start 0.8 0.4) (end 0.8 -0.4) (layer F.Fab) (width 0.1))
    (fp_line (start 0.8 -0.735) (end -1.485 -0.735) (layer F.SilkS) (width 0.12))
    (fp_line (start -1.485 -0.735) (end -1.485 0.735) (layer F.SilkS) (width 0.12))
    (fp_line (start -1.485 0.735) (end 0.8 0.735) (layer F.SilkS) (width 0.12))
    (fp_line (start -1.48 0.73) (end -1.48 -0.73) (layer F.CrtYd) (width 0.05))
    (fp_line (start -1.48 -0.73) (end 1.48 -0.73) (layer F.CrtYd) (width 0.05))
    (fp_line (start 1.48 -0.73) (end 1.48 0.73) (layer F.CrtYd) (width 0.05))
    (fp_line (start 1.48 0.73) (end -1.48 0.73) (layer F.CrtYd) (width 0.05))
    (fp_text user %R (at 0 0 90) (layer F.Fab)
      (effects (font (size 0.4 0.4) (thickness 0.06)))
    )
    (pad 2 smd roundrect (at 0.7875 0 90) (size 0.875 0.95) (layers F.Cu F.Paste F.Mask) (roundrect_rratio 0.25)
      (net 2 +3V3))
    (pad 1 smd roundrect (at -0.7875 0 90) (size 0.875 0.95) (layers F.Cu F.Paste F.Mask) (roundrect_rratio 0.25)
      (net 17 "Net-(D1-Pad1)"))
    (model ${KISYS3DMOD}/LED_SMD.3dshapes/LED_0603_1608Metric.wrl
      (at (xyz 0 0 0))
      (scale (xyz 1 1 1))
      (rotate (xyz 0 0 0))
    )
  )

  (module LED_SMD:LED_0603_1608Metric (layer F.Cu) (tedit 5F68FEF1) (tstamp 65744BD2)
    (at 88.5 81.5 90)
    (descr "LED SMD 0603 (1608 Metric), square (rectangular) end terminal, IPC_7351 nominal, (Body size source: http://www.tortai-tech.com/upload/download/2011102023233369053.pdf), generated with kicad-footprint-generator")
    (tags LED)
    (path /65A8B9F5/6762233F)
    (attr smd)
